b=500;
k1=300;
k2=2000;
m1=10000;
m2=50;